1000
182
239
265
596
633
639
648
679
690
700
729
753
782
811
822
832
848
870
876
880
936
950
952
955
983
984
994
998
1014
1017
1023
1026
1029
1050
1078
1249
1421
1475
1481
1485
1489
1504
1507
1517
1518
1527
1530
1535
1537
1546
1550
1557
1560
1564
1568
1573
1596
1598
1602
1603
1611
1616
1617
1627
1635
1642
1663
1670
1673
1675
1676
1683
1689
1693
1696
1700
1709
1719
1730
1735
1738
1747
1749
1754
1758
1768
1787
1793
1798
1813
1814
1821
1825
1827
1828
1832
1851
1854
1855
1858
1864
1879
1886
1887
1890
1892
1924
1956
1973
1977
1979
1987
1993
2008
2015
2017
2018
2022
2029
2129
2251
2407
2488
2610
2789
2896
2946
3145
3283
3348
3370
3406
3428
3436
3437
3441
3451
3481
3503
3508
3514
3515
3526
3531
3534
3537
3546
3549
3556
3559
3561
3565
3571
3581
3589
3594
3605
3621
3651
3676
3720
3770
3780
3797
3830
3842
3893
3895
3903
3930
3937
3942
3951
3957
3972
3976
3990
4000
4025
4026
4032
4037
4039
4041
4067
4071
4076
4082
4087
4088
4092
4095
4098
4099
4104
4109
4110
4115
4116
4123
4126
4127
4128
4131
4132
4135
4142
4147
4151
4154
4157
4163
4169
4194
4200
4204
4209
4212
4214
4216
4224
4234
4236
4237
4246
4251
4254
4255
4268
4277
4281
4288
4298
4302
4304
4319
4325
4330
4338
4339
4344
4347
4351
4352
4359
4361
4366
4370
4375
4378
4380
4381
4388
4389
4394
4401
4409
4414
4417
4418
4426
4429
4431
4432
4438
4439
4440
4447
4448
4449
4454
4455
4456
4458
4462
4468
4474
4481
4484
4485
4494
4495
4500
4502
4511
4518
4520
4522
4523
4531
4539
4543
4544
4546
4550
4551
4553
4554
4555
4556
4558
4559
4565
4567
4570
4575
4576
4577
4578
4580
4582
4586
4587
4588
4589
4590
4591
4592
4593
4594
4595
4597
4599
4602
4603
4604
4605
4606
4607
4608
4609
4610
4611
4612
4614
4615
4616
4617
4618
4619
4622
4623
4624
4625
4626
4628
4629
4631
4634
4635
4636
4637
4639
4640
4644
4645
4648
4653
4656
4662
4664
4666
4668
4675
4676
4679
4681
4686
4695
4700
4702
4703
4710
4718
4740
4744
4745
4752
4761
4762
4765
4767
4778
4779
4781
4782
4797
4798
4800
4803
4804
4810
4811
4814
4816
4821
4827
4831
4833
4834
4835
4840
4844
4847
4851
4856
4857
4859
4867
4868
4870
4871
4876
4877
4892
4900
4914
4915
4920
4926
4927
4934
5043
5075
5191
5212
5260
5291
5305
5369
5465
5469
5725
5741
5778
5800
5815
5823
5872
5955
6118
6153
6172
6184
6188
6195
6204
6215
6230
6243
6262
6284
6289
6305
6319
6324
6336
6342
6346
6363
6500
6503
6506
6512
6517
6521
6522
6523
6524
6525
6526
6528
6529
6530
6532
6533
6534
6535
6536
6539
6542
6608
6734
6735
6737
6739
6741
6745
6746
6747
6748
6749
6754
6755
6756
6757
6758
6759
6760
6761
6762
6763
6764
6765
6766
6767
6768
6949
7006
7017
7248
7326
7348
7355
7368
7380
7396
7454
7458
7520
7529
7542
7552
7560
7566
7573
7616
7620
7625
7666
7669
7673
7692
7706
7724
7734
7739
7774
7781
7784
7948
8134
8155
8160
8168
8176
8181
8189
8194
8197
8202
8204
8205
8215
8219
8228
8233
8236
8240
8242
8247
8248
8263
8266
8272
8286
8304
8312
8317
8320
8324
8332
8339
8342
8355
8356
8358
8374
8376
8378
8389
8393
8398
8400
8409
8416
8422
8427
8430
8445
8448
8451
8458
8462
8476
8479
8485
8489
8493
8495
8497
8509
8512
8521
8528
8533
8534
8538
8546
8607
8613
8632
8650
8654
8661
8662
8669
8672
8677
8683
8688
8861
8910
8968
9068
9370
9452
9539
9590
9809
9940
10040
10061
10074
10078
10080
10091
10097
10108
10130
10134
10156
10160
10162
10167
10169
10183
10186
10187
10191
10193
10203
10210
10216
10218
10220
10223
10228
10233
10244
10267
10288
10300
10370
10417
10436
10453
10456
10481
10525
10557
10560
10608
10614
10619
10636
10701
10720
10726
10733
10734
10737
10742
10744
10749
10753
10755
10759
10761
10763
10766
10768
10771
10775
10776
10780
10782
10786
10791
10796
10798
10802
10804
10805
10822
10827
10830
10838
10845
10862
10865
10873
10877
10878
10882
10885
10888
10893
10895
10896
10907
10922
10937
10941
10946
10949
10957
10959
10973
10978
10982
10988
10989
10990
10993
10999
11001
11004
11007
11010
11011
11017
11020
11024
11031
11033
11034
11037
11041
11048
11049
11056
11060
11062
11066
11069
11071
11074
11077
11079
11081
11084
11086
11088
11089
11095
11096
11100
11101
11103
11105
11106
11116
11118
11119
11126
11128
11129
11131
11136
11144
11145
11160
11161
11162
11168
11172
11173
11180
11182
11183
11185
11187
11188
11190
11192
11194
11195
11196
11201
11202
11203
11207
11208
11212
11215
11218
11219
11220
11221
11222
11223
11224
11225
11226
11229
11230
11232
11233
11234
11235
11236
11237
11238
11239
11240
11242
11243
11244
11245
11246
11251
11252
11254
11255
11257
11258
11259
11261
11262
11263
11264
11266
11267
11268
11269
11272
11273
11275
11277
11283
11284
11286
11290
11291
11292
11293
11294
11296
11297
11301
11304
11312
11316
11325
11329
11331
11336
11337
11347
11355
11366
11369
11370
11371
11375
11388
11394
11396
11403
11404
11406
11408
11411
11424
11427
11431
11436
11440
11441
11442
11444
11445
11449
11453
11456
11464
11466
11468
11472
11478
11480
11483
11485
11486
11487
11488
11490
11494
11501
11502
11519
11524
11527
11537
11543
11544
11545
11555
11556
11559
11560
11561
11684
11753
11755
11804
11820
11877
12198
12333
12346
12361
12384
12418
12462
12688
12735
12763
12780
12786
12813
12819
12841
12848
12854
12866
12882
12910
12933
12943
12949
12965
12966
12975
13110
13111
13112
13117
13120
13125
13130
13133
13134
13137
13138
13139
13140
13141
13144
13145
13148
13151
13159
13201
13250
13343
13345
13346
13347
13350
13351
13352
13353
13359
13360
13361
13362
13363
13365
13366
13367
13368
13369
13370
13371
13372
13373
13391
13392
