1000
172
222
267
271
544
605
647
653
670
677
688
748
754
805
810
829
830
839
846
857
901
917
971
985
994
1012
1015
1019
1041
1044
1046
1050
1053
1062
1073
1083
1106
1284
1453
1479
1483
1497
1501
1503
1505
1508
1509
1523
1532
1536
1539
1544
1551
1562
1567
1577
1585
1593
1595
1603
1616
1627
1629
1634
1637
1639
1646
1654
1659
1666
1670
1674
1676
1683
1688
1697
1701
1702
1714
1717
1718
1719
1727
1729
1735
1737
1739
1742
1745
1748
1750
1755
1758
1762
1765
1773
1779
1783
1788
1795
1797
1800
1803
1804
1812
1826
1832
1835
1843
1846
1853
1856
1858
1863
1869
1880
1884
1886
1887
1894
1895
1934
1986
1994
1997
2000
2007
2025
2033
2091
2132
2256
2314
2394
2634
2796
2806
2932
3023
3153
3201
3259
3301
3314
3334
3347
3359
3379
3412
3435
3436
3445
3447
3454
3474
3481
3484
3491
3496
3504
3508
3509
3520
3535
3538
3544
3546
3551
3554
3557
3565
3566
3574
3583
3591
3594
3600
3610
3616
3620
3667
3675
3699
3737
3779
3806
3808
3828
3839
3845
3853
3870
3900
3911
3943
3957
3961
3963
3966
3971
3973
3975
3982
3984
4000
4005
4015
4045
4057
4068
4070
4071
4073
4077
4078
4083
4091
4095
4100
4101
4105
4108
4112
4123
4129
4130
4131
4136
4138
4140
4146
4149
4154
4157
4167
4188
4189
4209
4212
4215
4217
4225
4227
4228
4229
4230
4234
4240
4245
4248
4251
4258
4260
4261
4273
4289
4291
4294
4306
4307
4316
4320
4335
4336
4340
4341
4347
4348
4350
4355
4362
4368
4375
4376
4383
4387
4398
4399
4401
4406
4411
4413
4417
4419
4420
4423
4429
4430
4436
4438
4439
4441
4443
4446
4453
4456
4457
4468
4472
4478
4481
4487
4488
4497
4499
4503
4512
4514
4517
4520
4525
4527
4528
4530
4532
4545
4546
4552
4553
4556
4558
4564
4566
4570
4573
4575
4576
4577
4578
4581
4583
4587
4588
4591
4592
4594
4599
4602
4606
4607
4609
4611
4613
4615
4616
4618
4621
4622
4624
4625
4626
4629
4632
4635
4637
4638
4639
4640
4641
4644
4648
4650
4652
4655
4656
4659
4660
4663
4665
4666
4678
4680
4682
4691
4692
4696
4701
4705
4708
4721
4737
4739
4743
4744
4748
4752
4769
4772
4773
4776
4782
4783
4786
4788
4797
4800
4802
4804
4812
4816
4819
4821
4823
4824
4825
4830
4833
4834
4837
4840
4844
4846
4850
4851
4856
4862
4864
4868
4872
4877
4882
4884
4888
4894
4903
4906
4909
4912
4915
4917
4920
4933
4942
5017
5158
5161
5213
5238
5246
5272
5279
5307
5366
5466
5507
5726
5735
5781
5788
5825
6026
6056
6104
6123
6127
6136
6142
6151
6195
6209
6233
6235
6238
6241
6245
6250
6256
6285
6303
6322
6326
6332
6354
6355
6392
6436
6494
6495
6496
6498
6500
6504
6512
6516
6517
6523
6525
6527
6537
6542
6601
6606
6729
6732
6733
6738
6741
6743
6746
6748
6749
6751
6752
6754
6756
6757
6758
6762
6929
7019
7343
7362
7366
7370
7395
7440
7460
7469
7479
7488
7499
7502
7510
7526
7540
7553
7571
7580
7648
7691
7697
7702
7713
7727
7753
7777
7779
7956
8123
8148
8153
8157
8163
8172
8183
8193
8198
8199
8205
8229
8231
8236
8243
8245
8248
8253
8256
8265
8271
8281
8290
8292
8299
8330
8332
8340
8346
8348
8351
8355
8365
8367
8370
8379
8383
8385
8392
8393
8397
8401
8402
8403
8405
8408
8416
8420
8425
8432
8434
8441
8445
8449
8451
8457
8459
8461
8463
8470
8471
8473
8482
8483
8488
8491
8495
8503
8506
8509
8512
8516
8518
8522
8526
8530
8536
8539
8543
8570
8611
8643
8649
8653
8665
8676
8692
8707
8871
8902
9014
9043
9156
9229
9430
9444
9534
9584
9802
9914
9976
10049
10051
10058
10070
10086
10104
10112
10116
10118
10128
10133
10146
10147
10156
10158
10160
10165
10166
10176
10177
10179
10184
10185
10187
10194
10196
10197
10201
10204
10207
10211
10213
10215
10217
10219
10237
10253
10263
10266
10297
10298
10326
10348
10406
10408
10428
10433
10444
10473
10482
10489
10494
10514
10549
10556
10559
10563
10590
10620
10623
10630
10648
10650
10668
10676
10689
10691
10701
10722
10726
10727
10730
10736
10742
10746
10747
10748
10751
10757
10763
10766
10771
10776
10777
10780
10783
10792
10799
10803
10804
10808
10811
10827
10831
10833
10838
10840
10851
10853
10862
10863
10864
10866
10870
10875
10876
10878
10882
10888
10903
10911
10913
10920
10929
10933
10934
10941
10945
10955
10965
10966
10971
10973
10974
10978
10984
10986
10990
10994
10995
10996
11011
11014
11018
11019
11025
11026
11032
11034
11045
11049
11052
11055
11063
11068
11070
11071
11072
11075
11079
11082
11083
11087
11091
11099
11104
11108
11111
11119
11120
11121
11123
11128
11131
11143
11152
11153
11162
11164
11168
11181
11182
11185
11186
11188
11189
11190
11191
11193
11195
11203
11204
11207
11209
11210
11213
11216
11217
11218
11223
11224
11227
11228
11229
11231
11232
11233
11235
11237
11238
11239
11243
11246
11249
11251
11252
11253
11256
11258
11263
11266
11269
11272
11276
11280
11281
11282
11284
11294
11297
11300
11301
11309
11312
11313
11314
11317
11321
11325
11340
11341
11342
11343
11345
11354
11359
11361
11368
11384
11386
11390
11400
11401
11410
11412
11414
11415
11421
11425
11430
11431
11434
11436
11438
11440
11444
11445
11451
11454
11455
11456
11457
11460
11462
11464
11468
11473
11477
11479
11483
11487
11491
11497
11499
11502
11506
11511
11519
11528
11533
11534
11536
11545
11548
11553
11634
11641
11673
11754
11783
11811
11844
11858
11882
11902
11919
11980
12076
12117
12348
12376
12453
12522
12582
12657
12675
12706
12716
12725
12745
12758
12761
12765
12791
12804
12815
12821
12822
12843
12847
12858
12872
12901
12920
12944
12956
13000
13100
13103
13105
13109
13113
13118
13122
13124
13125
13126
13128
13130
13132
13133
13136
13137
13138
13145
13174
13184
13189
13212
13336
13339
13343
13344
13348
13356
13358
13360
13361
13364
13365
13368
