1000
217
239
248
263
281
520
592
628
632
634
639
668
679
719
724
733
742
793
813
815
830
839
848
855
876
903
920
921
932
952
980
981
991
1004
1006
1008
1016
1028
1049
1065
1070
1072
1104
1200
1273
1423
1486
1492
1499
1500
1504
1510
1524
1528
1531
1535
1540
1547
1562
1564
1565
1568
1581
1582
1592
1595
1602
1603
1609
1615
1620
1626
1632
1641
1644
1648
1650
1654
1663
1668
1678
1681
1687
1689
1694
1696
1698
1702
1705
1712
1714
1716
1720
1729
1735
1737
1739
1743
1749
1751
1754
1760
1761
1769
1770
1771
1779
1782
1791
1799
1801
1804
1812
1816
1824
1835
1840
1843
1848
1851
1852
1859
1861
1872
1874
1878
1882
1883
1884
1891
1895
1975
1989
1995
2017
2018
2025
2031
2222
2259
2266
2341
2397
2520
2523
2609
2778
2796
2798
2954
2992
3131
3156
3366
3367
3417
3421
3425
3432
3441
3442
3452
3463
3472
3486
3493
3494
3498
3502
3506
3508
3520
3525
3535
3538
3542
3544
3548
3552
3555
3562
3567
3578
3584
3586
3587
3596
3597
3614
3617
3623
3638
3642
3663
3677
3689
3701
3764
3769
3780
3784
3790
3817
3844
3904
3910
3954
3964
3970
3971
3978
3982
3985
3986
4018
4035
4046
4047
4059
4073
4077
4082
4091
4096
4097
4104
4115
4116
4120
4122
4126
4132
4140
4141
4144
4150
4151
4154
4161
4179
4186
4193
4194
4199
4203
4210
4217
4221
4223
4224
4230
4236
4241
4245
4247
4250
4254
4256
4262
4267
4270
4274
4288
4290
4293
4296
4303
4308
4314
4330
4331
4336
4337
4338
4340
4341
4351
4354
4356
4358
4368
4369
4370
4373
4385
4389
4392
4404
4408
4413
4419
4421
4426
4430
4433
4437
4438
4439
4440
4448
4451
4453
4455
4458
4470
4473
4478
4480
4486
4487
4495
4498
4500
4504
4520
4532
4534
4536
4537
4540
4549
4556
4560
4567
4570
4571
4574
4577
4578
4580
4581
4582
4584
4585
4589
4590
4592
4594
4596
4597
4603
4604
4605
4610
4611
4614
4615
4616
4618
4619
4624
4627
4631
4634
4635
4638
4641
4642
4644
4645
4646
4649
4650
4653
4655
4657
4662
4665
4670
4671
4672
4677
4678
4687
4688
4689
4704
4705
4708
4711
4713
4722
4723
4729
4734
4740
4742
4751
4753
4759
4770
4773
4774
4776
4779
4785
4788
4795
4797
4801
4808
4811
4813
4815
4822
4826
4828
4831
4834
4836
4838
4840
4843
4845
4846
4848
4849
4850
4857
4860
4862
4863
4865
4870
4871
4874
4877
4880
4881
4890
4898
4905
4908
4911
4927
4929
4939
4941
4942
4943
4945
5054
5059
5201
5228
5266
5285
5305
5379
5397
5564
5746
5768
5836
5855
5924
6058
6117
6123
6129
6133
6141
6163
6171
6182
6208
6233
6241
6247
6272
6279
6293
6325
6332
6338
6358
6403
6483
6499
6500
6504
6506
6508
6512
6518
6522
6526
6529
6530
6532
6535
6536
6538
6540
6545
6578
6681
6739
6749
6758
6759
6761
6763
6764
6765
6768
6769
6770
6976
7018
7027
7336
7352
7364
7370
7404
7413
7428
7452
7469
7489
7512
7513
7526
7539
7551
7555
7558
7567
7572
7575
7587
7624
7629
7638
7662
7677
7687
7689
7693
7700
7717
7761
7787
8115
8158
8164
8170
8176
8178
8186
8190
8198
8210
8213
8216
8219
8221
8230
8235
8239
8255
8256
8268
8274
8275
8299
8311
8316
8317
8321
8326
8347
8348
8353
8354
8358
8364
8371
8375
8386
8387
8389
8391
8398
8408
8409
8413
8415
8418
8422
8423
8425
8431
8443
8445
8448
8451
8452
8457
8462
8466
8467
8471
8482
8487
8490
8491
8495
8503
8513
8518
8519
8521
8525
8526
8530
8531
8538
8541
8545
8551
8606
8629
8653
8665
8671
8673
8677
8711
8724
8729
8910
9051
9099
9143
9241
9433
9452
9560
9592
9810
9983
10032
10062
10067
10075
10081
10084
10085
10092
10114
10118
10122
10123
10135
10146
10155
10157
10163
10176
10178
10183
10190
10194
10197
10199
10201
10207
10208
10212
10218
10224
10230
10231
10236
10241
10250
10251
10258
10260
10261
10298
10306
10349
10355
10413
10423
10436
10452
10468
10483
10562
10567
10571
10608
10612
10619
10639
10642
10658
10671
10690
10693
10726
10730
10732
10735
10739
10745
10749
10752
10760
10766
10768
10769
10777
10779
10783
10784
10801
10804
10808
10816
10830
10834
10841
10846
10849
10856
10862
10864
10870
10871
10873
10875
10880
10885
10888
10891
10894
10903
10906
10910
10919
10929
10936
10944
10946
10948
10953
10959
10962
10973
10975
10976
10981
10985
10990
10992
10996
11003
11005
11006
11009
11014
11016
11023
11028
11030
11034
11042
11043
11046
11056
11057
11059
11064
11066
11067
11071
11078
11079
11081
11082
11086
11089
11093
11094
11103
11106
11110
11114
11117
11127
11130
11131
11138
11141
11147
11151
11156
11159
11160
11163
11166
11169
11176
11184
11185
11187
11189
11191
11195
11196
11205
11207
11208
11209
11214
11218
11220
11222
11223
11225
11226
11231
11232
11235
11236
11238
11239
11240
11242
11243
11244
11245
11246
11248
11253
11257
11260
11261
11262
11265
11266
11268
11269
11271
11273
11275
11278
11279
11289
11290
11291
11292
11294
11307
11309
11310
11320
11321
11324
11326
11329
11341
11343
11344
11354
11357
11358
11361
11362
11375
11379
11391
11395
11397
11398
11407
11409
11411
11414
11415
11421
11423
11426
11428
11431
11438
11440
11442
11443
11444
11446
11448
11450
11457
11459
11460
11462
11464
11465
11472
11473
11476
11477
11481
11482
11486
11488
11492
11496
11500
11503
11508
11512
11515
11516
11526
11531
11533
11538
11543
11549
11557
11565
11644
11677
11683
11740
11764
11852
11853
11873
11889
11909
11952
11977
12012
12013
12280
12346
12353
12376
12463
12546
12592
12645
12716
12725
12727
12741
12744
12758
12764
12771
12774
12793
12814
12837
12849
12855
12858
12864
12869
12873
12880
12892
12938
12956
13113
13117
13118
13124
13129
13135
13137
13138
13144
13148
13149
13151
13153
13159
13188
13193
13224
13351
13355
13356
13360
13362
13367
13369
13372
13373
13376
13386
