500
257
286
626
628
678
716
742
777
816
850
865
898
910
950
966
1047
1052
1072
1438
1482
1502
1505
1507
1519
1526
1533
1543
1553
1570
1578
1580
1595
1614
1620
1625
1641
1667
1671
1680
1694
1709
1713
1722
1735
1741
1746
1759
1765
1768
1772
1777
1798
1806
1813
1821
1831
1841
1851
1853
1854
1864
1886
1890
1893
1894
1988
2005
2014
2027
2091
2256
2314
2394
2634
2796
2932
3153
3301
3314
3347
3359
3408
3410
3413
3415
3431
3445
3471
3487
3495
3499
3510
3521
3538
3547
3551
3570
3584
3591
3594
3610
3675
3737
3779
3828
3956
3964
4032
4057
4068
4069
4077
4093
4101
4105
4112
4123
4128
4136
4152
4155
4161
4182
4201
4206
4224
4226
4234
4236
4254
4280
4305
4313
4317
4335
4345
4347
4350
4363
4365
4379
4401
4406
4412
4425
4428
4431
4440
4444
4462
4468
4471
4474
4491
4502
4515
4517
4536
4539
4553
4555
4566
4567
4569
4572
4583
4590
4594
4595
4605
4609
4617
4621
4629
4631
4641
4646
4648
4651
4658
4665
4667
4671
4685
4692
4703
4704
4708
4711
4727
4737
4756
4764
4774
4784
4796
4804
4806
4819
4827
4830
4833
4834
4837
4844
4846
4851
4856
4862
4868
4872
4877
4882
4884
4888
4894
4906
4909
4912
4915
4942
5017
5229
5237
5285
5619
5788
5825
6104
6136
6195
6241
6245
6285
6322
6326
6332
6392
6436
6494
6495
6504
6511
6520
6522
6526
6538
6601
6606
6729
6738
6741
6746
6755
6760
6761
6987
6995
7020
7321
7437
7457
7469
7488
7498
7512
7547
7565
7580
7677
7689
7691
7771
8121
8159
8167
8193
8198
8205
8225
8233
8248
8250
8276
8282
8298
8299
8320
8326
8339
8346
8355
8360
8362
8378
8380
8390
8391
8394
8400
8415
8419
8422
8425
8435
8445
8456
8468
8485
8488
8497
8501
8509
8521
8526
8531
8536
8546
8620
8643
8666
8871
8902
9014
9043
9229
9444
9584
9802
10055
10060
10069
10116
10122
10128
10134
10137
10164
10167
10189
10190
10200
10211
10213
10217
10219
10246
10253
10297
10406
10433
10444
10473
10524
10552
10613
10650
10676
10687
10701
10727
10732
10740
10748
10749
10757
10766
10767
10788
10801
10821
10823
10830
10839
10853
10864
10866
10875
10881
10910
10924
10960
10969
10975
10994
10995
11014
11025
11030
11038
11049
11056
11057
11062
11064
11078
11079
11088
11105
11106
11108
11117
11127
11134
11151
11154
11164
11187
11192
11201
11209
11210
11214
11217
11224
11229
11233
11237
11239
11243
11258
11263
11266
11269
11272
11313
11314
11317
11325
11342
11343
11361
11390
11400
11401
11410
11421
11425
11431
11436
11440
11451
11454
11455
11457
11460
11462
11464
11468
11473
11477
11479
11483
11487
11497
11499
11502
11506
11519
11528
11533
11545
11553
11634
11673
11794
11814
11978
12118
12348
12453
12582
12706
12725
12745
12761
12804
12822
12843
12901
12920
12944
13000
13100
13105
13113
13122
13125
13128
13133
13138
13146
13174
13212
13336
13338
13344
13358
13360
13365
